
#
#Feature symbol names
#
$0 r5.906
$1 r10
$2 r7.874

#
#Layer features
#
L 2.411036 2.7853421000 2.411036 2.9014821000 0 P 11
L 2.411036 2.9014821000 2.4543440000 2.9014821000 0 P 11
L 2.4112060000 2.2989521 2.4112060000 2.3717341000 0 P 11
L 2.4112060000 2.2989521 2.454514 2.2556441 0 P 11
L 2.454514 2.2555921000 2.454514 2.2556441 0 P 11
L 2.5267480000 2.9536221 2.5267480000 3.0136027000 1 P 12
L 2.5267480000 3.0136027000 2.5567383 3.0136027000 1 P 12
L 2.5567383 2.9736156 2.5267480000 2.9736156 1 P 12
L 2.5567383 3.0136027000 2.5667351000 3.0036059 1 P 12
L 2.5667351000 2.9836124 2.5567383 2.9736156 1 P 12
L 2.5667351000 3.0036059 2.5667351000 2.9836124 1 P 12
L 2.57248 2.9014561000 2.6157880000 2.9014561000 0 P 11
L 2.5726500000 2.2556181000 2.615958 2.2556181000 0 P 11
L 2.5867286000 2.9536221 2.6267157 2.9936092000 1 P 12
L 2.5967254000 3.0136027000 2.5867286000 3.0036059 1 P 12
L 2.6157880000 2.7853141000 2.6157880000 2.9014561000 0 P 11
L 2.615958 2.2556181000 2.615958 2.3717601000 0 P 11
L 2.6167189000 3.0136027000 2.5967254000 3.0136027000 1 P 12
L 2.6267157 2.9536221 2.5867286000 2.9536221 1 P 12
L 2.6267157 2.9936092000 2.6267157 3.0036059 1 P 12
L 2.6267157 3.0036059 2.6167189000 3.0136027000 1 P 12
L 3.413748 2.5756221000 3.413748 2.6356027 1 P 12
L 3.413748 2.6356027 3.4437383 2.6356027 1 P 12
L 3.4437383 2.5956156000 3.413748 2.5956156000 1 P 12
L 3.4437383 2.6356027 3.4537351000 2.6256059 1 P 12
L 3.4537351000 2.6056124 3.4437383 2.5956156000 1 P 12
L 3.4537351000 2.6256059 3.4537351000 2.6056124 1 P 12
L 3.4635951 2.5177794000 3.4701547 2.5112198 2 P 13
L 3.4635951 2.5308985 3.4635951 2.5177794000 2 P 13
L 3.4639100000 2.209118 3.4704696000 2.2025584 2 P 13
L 3.4701547 2.5112198 3.4767143000 2.5112198 2 P 13
L 3.4701547 2.5374580000 3.4635951 2.5308985 2 P 13
L 3.4737286000 2.6256059 3.4837254000 2.6356027 1 P 12
L 3.4767143000 2.5112198 3.4832738 2.5177794000 2 P 13
L 3.4832738 2.5177794000 3.4832738 2.5374580000 2 P 13
L 3.4837254000 2.5756221000 3.4737286000 2.5856189 1 P 12
L 3.4837254000 2.6356027 3.5037189000 2.6356027 1 P 12
L 3.4937221000 2.6056124 3.5037189000 2.6056124 1 P 12
L 3.4963929 2.5112198 3.5029525 2.5177794000 2 P 13
L 3.4963929 2.5374580000 3.4701547 2.5374580000 2 P 13
L 3.5029525 2.5177794000 3.5029525 2.5308985 2 P 13
L 3.5029525 2.5308985 3.4963929 2.5374580000 2 P 13
L 3.5032674000 2.2025584 3.5032674000 2.2156775000 2 P 13
L 3.5032674000 2.209118 3.4639100000 2.209118 2 P 13
L 3.5032674000 2.2156775000 3.5032674000 2.209118 2 P 13
L 3.5037189000 2.5756221000 3.4837254000 2.5756221000 1 P 12
L 3.5037189000 2.6056124 3.4937221000 2.6056124 1 P 12
L 3.5037189000 2.6056124 3.5137157 2.5956156000 1 P 12
L 3.5037189000 2.6356027 3.5137157 2.6256059 1 P 12
L 3.5137157 2.5856189 3.5037189000 2.5756221000 1 P 12
L 3.5137157 2.5956156000 3.5137157 2.5856189 1 P 12
L 3.5137157 2.6156092 3.5037189000 2.6056124 1 P 12
L 3.5137157 2.6256059 3.5137157 2.6156092 1 P 12
L 3.904748 2.7886221000 3.904748 2.8486027000 1 P 12
L 3.904748 2.8486027000 3.9347383000 2.8486027000 1 P 12
L 3.9347383000 2.8086156000 3.904748 2.8086156000 1 P 12
L 3.9347383000 2.8486027000 3.9447351000 2.8386059 1 P 12
L 3.9447351000 2.8186124 3.9347383000 2.8086156000 1 P 12
L 3.9447351000 2.8386059 3.9447351000 2.8186124 1 P 12
L 3.9547371 2.7312053 3.9612967 2.7246457000 2 P 13
L 3.9547371 2.7443244000 3.9547371 2.7312053 2 P 13
L 3.9550520000 2.4225439000 3.9616116000 2.4159843000 2 P 13
L 3.9612967 2.7246457000 3.9678563000 2.7246457000 2 P 13
L 3.9612967 2.7508839000 3.9547371 2.7443244000 2 P 13
L 3.9647286000 2.8186124 4.0047157 2.8186124 1 P 12
L 3.9678563000 2.7246457000 3.9744158 2.7312053 2 P 13
L 3.9744158 2.7312053 3.9744158 2.7508839000 2 P 13
L 3.9875349000 2.7246457000 3.9940945 2.7312053 2 P 13
L 3.9875349000 2.7508839000 3.9612967 2.7508839000 2 P 13
L 3.9940945 2.7312053 3.9940945 2.7443244000 2 P 13
L 3.9940945 2.7443244000 3.9875349000 2.7508839000 2 P 13
L 3.9944094000 2.4159843000 3.9944094000 2.4291034000 2 P 13
L 3.9944094000 2.4225439000 3.9550520000 2.4225439000 2 P 13
L 3.9944094000 2.4291034000 3.9944094000 2.4225439000 2 P 13
L 3.9947189 2.7886221000 3.9947189 2.8486027000 1 P 12
L 3.9947189 2.8486027000 3.9647286000 2.8186124 1 P 12
L 4.435748 2.9926221 4.435748 3.0526027 1 P 12
L 4.435748 3.0526027 4.4657383000 3.0526027 1 P 12
L 4.4657383000 3.0126156 4.435748 3.0126156 1 P 12
L 4.4657383000 3.0526027 4.4757351000 3.0426059000 1 P 12
L 4.4757351000 3.0226124000 4.4657383000 3.0126156 1 P 12
L 4.4757351000 3.0426059000 4.4757351000 3.0226124000 1 P 12
L 4.4860757000 2.9345911 4.4926353000 2.9280315000 2 P 13
L 4.4860757000 2.9477102000 4.4860757000 2.9345911 2 P 13
L 4.4863906 2.6259297000 4.4929502 2.6193701000 2 P 13
L 4.4926353000 2.9280315000 4.4991949000 2.9280315000 2 P 13
L 4.4926353000 2.9542697 4.4860757000 2.9477102000 2 P 13
L 4.4957286000 3.0226124000 4.5157221000 3.0326092 1 P 12
L 4.4957286000 3.0526027 4.4957286000 3.0226124000 1 P 12
L 4.4991949000 2.9280315000 4.5057544000 2.9345911 2 P 13
L 4.5057254 2.9926221 4.4957286000 3.0026189000 1 P 12
L 4.5057544000 2.9345911 4.5057544000 2.9542697 2 P 13
L 4.5157221000 3.0326092 4.5257189 3.0326092 1 P 12
L 4.5188735000 2.9280315000 4.5254331000 2.9345911 2 P 13
L 4.5188735000 2.9542697 4.4926353000 2.9542697 2 P 13
L 4.5254331000 2.9345911 4.5254331000 2.9477102000 2 P 13
L 4.5254331000 2.9477102000 4.5188735000 2.9542697 2 P 13
L 4.5257189 2.9926221 4.5057254 2.9926221 1 P 12
L 4.5257189 3.0326092 4.5357157000 3.0226124000 1 P 12
L 4.525748 2.6193701000 4.525748 2.6324892 2 P 13
L 4.525748 2.6259297000 4.4863906 2.6259297000 2 P 13
L 4.525748 2.6324892 4.525748 2.6259297000 2 P 13
L 4.5357157000 3.0026189000 4.5257189 2.9926221 1 P 12
L 4.5357157000 3.0226124000 4.5357157000 3.0026189000 1 P 12
L 4.5357157000 3.0526027 4.4957286000 3.0526027 1 P 12
L 5.1970860000 2.2361021 5.1970860000 2.3719301 0 P 11
L 5.1970860000 2.2361021 5.2640160000 2.2361021 0 P 11
L 5.1970860000 2.7853141000 5.1970860000 2.9211421000 0 P 11
L 5.1970860000 2.9211421000 5.2640160000 2.9211421000 0 P 11
L 5.361748 2.9786221000 5.361748 3.0386027 1 P 12
L 5.361748 3.0386027 5.3917383 3.0386027 1 P 12
L 5.382126 2.2361021 5.4490560000 2.3030321000 0 P 11
L 5.382126 2.9211421000 5.4490560000 2.9211421000 0 P 11
L 5.3917383 2.9986156000 5.361748 2.9986156000 1 P 12
L 5.3917383 3.0386027 5.4017351000 3.0286059 1 P 12
L 5.4017351000 3.0086124 5.3917383 2.9986156000 1 P 12
L 5.4017351000 3.0286059 5.4017351000 3.0086124 1 P 12
L 5.4217286000 2.9786221000 5.4417221000 2.9786221000 1 P 12
L 5.4317254 2.9786221000 5.4317254 3.0386027 1 P 12
L 5.4317254 3.0386027 5.4217286000 3.0286059 1 P 12
L 5.4417221000 2.9786221000 5.4317254 2.9786221000 1 P 12
L 5.4490560000 2.3030321000 5.4490560000 2.3719301 0 P 11
L 5.4490560000 2.7853141000 5.4490560000 2.9211421000 0 P 11
