
#
#Feature symbol names
#
#Layer_Physical_Order=2
$0 r10
$1 r35.433
$2 r27.559
$3 r19.685

#
#Layer features
#
L 2.2618110000 2.3994886 2.6744877000 2.3994886 0 P 12
L 2.2618110000 2.4250791 2.7088972 2.4250791 0 P 12
L 2.2618110000 2.4506696000 2.7433067 2.4506696000 0 P 12
L 2.2618110000 2.4762601 2.7777162000 2.4762601 0 P 12
L 2.2618110000 2.5018506 2.8121257 2.5018506 0 P 12
L 2.2618110000 2.5274411000 2.8465352000 2.5274411000 0 P 12
L 2.2618110000 2.5530316 2.8809447 2.5530316 0 P 12
L 2.2618110000 2.5786221 5.5620078000 2.5786221 0 P 12
L 2.2618110000 2.6042126000 2.8809447 2.6042126000 0 P 12
L 2.2618110000 2.6298031 2.8465352000 2.6298031 0 P 12
L 2.2618110000 2.6553936 2.8121257 2.6553936 0 P 12
L 2.2618110000 2.6809841 2.7777162000 2.6809841 0 P 12
L 2.2618110000 2.7065746 2.7433067 2.7065746 0 P 12
L 2.2618110000 2.7321651 2.7088972 2.7321651 0 P 12
L 2.2618110000 2.7577556 2.6744877000 2.7577556 0 P 12
L 2.6744877000 2.3994886 2.9153542000 2.1586221 0 P 12
L 2.6744877000 2.7577556 2.9153542000 2.9986221000 0 P 12
L 2.7088972 2.4250791 2.9153542000 2.2186221 0 P 12
L 2.7088972 2.7321651 2.9153542000 2.9386221000 0 P 12
L 2.7433067 2.4506696000 2.9153542000 2.2786221 0 P 12
L 2.7433067 2.7065746 2.9153542000 2.8786221000 0 P 12
L 2.7777162000 2.4762601 2.9153542000 2.3386221000 0 P 12
L 2.7777162000 2.6809841 2.9153542000 2.8186221000 0 P 12
L 2.8121257 2.5018506 2.9153542000 2.3986221 0 P 12
L 2.8121257 2.6553936 2.9153542000 2.7586221 0 P 12
L 2.8465352000 2.5274411000 2.9153542000 2.4586221000 0 P 12
L 2.8465352000 2.6298031 2.9153542000 2.6986221 0 P 12
L 2.8809447 2.5530316 2.9153542000 2.5186221000 0 P 12
L 2.8809447 2.6042126000 2.9153542000 2.6386221 0 P 12
L 2.9153542000 2.1586221 4.9084646 2.1586221 0 P 12
L 2.9153542000 2.2186221 4.9084646 2.2186221 0 P 12
L 2.9153542000 2.2786221 4.9084646 2.2786221 0 P 12
L 2.9153542000 2.3386221000 4.9084646 2.3386221000 0 P 12
L 2.9153542000 2.3986221 3.753937 2.3986221 0 P 12
L 2.9153542000 2.4586221000 4.9084646 2.4586221000 0 P 12
L 2.9153542000 2.5186221000 4.9084646 2.5186221000 0 P 12
L 2.9153542000 2.6386221 4.9084646 2.6386221 0 P 12
L 2.9153542000 2.6986221 4.9084646 2.6986221 0 P 12
L 2.9153542000 2.7586221 4.9084646 2.7586221 0 P 12
L 2.9153542000 2.8186221000 4.9084646 2.8186221000 0 P 12
L 2.9153542000 2.8786221000 4.9084646 2.8786221000 0 P 12
L 2.9153542000 2.9386221000 4.9084646 2.9386221000 0 P 12
L 2.9153542000 2.9986221000 4.9084646 2.9986221000 0 P 12
L 3.753937 2.3986221 4.9084646 2.3986221 0 P 12
L 4.9084646 2.1586221 5.1493311 2.3994886 0 P 12
L 4.9084646 2.2186221 5.1149216000 2.4250791 0 P 12
L 4.9084646 2.2786221 5.0805121000 2.4506696000 0 P 12
L 4.9084646 2.3386221000 5.0461026 2.4762601 0 P 12
L 4.9084646 2.3986221 5.0116931000 2.5018506 0 P 12
L 4.9084646 2.4586221000 4.9772836000 2.5274411000 0 P 12
L 4.9084646 2.5186221000 4.9428741 2.5530316 0 P 12
L 4.9084646 2.6386221 4.9428741 2.6042126000 0 P 12
L 4.9084646 2.6986221 4.9772836000 2.6298031 0 P 12
L 4.9084646 2.7586221 5.0116931000 2.6553936 0 P 12
L 4.9084646 2.8186221000 5.0461026 2.6809841 0 P 12
L 4.9084646 2.8786221000 5.0805121000 2.7065746 0 P 12
L 4.9084646 2.9386221000 5.1149216000 2.7321651 0 P 12
L 4.9084646 2.9986221000 5.1493311 2.7577556 0 P 12
L 4.9428741 2.5530316 5.5620078000 2.5530316 0 P 12
L 4.9428741 2.6042126000 5.5620078000 2.6042126000 0 P 12
L 4.9772836000 2.5274411000 5.5620078000 2.5274411000 0 P 12
L 4.9772836000 2.6298031 5.5620078000 2.6298031 0 P 12
L 5.0116931000 2.5018506 5.5620078000 2.5018506 0 P 12
L 5.0116931000 2.6553936 5.5620078000 2.6553936 0 P 12
L 5.0461026 2.4762601 5.5620078000 2.4762601 0 P 12
L 5.0461026 2.6809841 5.5620078000 2.6809841 0 P 12
L 5.0805121000 2.4506696000 5.5620078000 2.4506696000 0 P 12
L 5.0805121000 2.7065746 5.5620078000 2.7065746 0 P 12
L 5.1149216000 2.4250791 5.5620078000 2.4250791 0 P 12
L 5.1149216000 2.7321651 5.5620078000 2.7321651 0 P 12
L 5.1493311 2.3994886 5.5620078000 2.3994886 0 P 12
L 5.1493311 2.7577556 5.5620078000 2.7577556 0 P 12
P 2.5134260000 2.3542121000 1 P 29 0
P 2.5134260000 2.8030321000 2 P 28 0
P 5.32307 2.3384641000 1 P 29 0
P 5.32307 2.8187801 2 P 28 0
P 2.2618110000 2.3994886 3 P 30 0
P 2.2618110000 2.4250791 3 P 30 0
P 2.2618110000 2.4506696000 3 P 30 0
P 2.2618110000 2.4762601 3 P 30 0
P 2.2618110000 2.5018506 3 P 30 0
P 2.2618110000 2.5274411000 3 P 30 0
P 2.2618110000 2.5530316 3 P 30 0
P 2.2618110000 2.5786221 3 P 30 0
P 2.2618110000 2.6042126000 3 P 30 0
P 2.2618110000 2.6298031 3 P 30 0
P 2.2618110000 2.6553936 3 P 30 0
P 2.2618110000 2.6809841 3 P 30 0
P 2.2618110000 2.7065746 3 P 30 0
P 2.2618110000 2.7321651 3 P 30 0
P 2.2618110000 2.7577556 3 P 30 0
P 3.753937 2.1584646000 3 P 30 0
P 3.753937 2.2185040000 3 P 30 0
P 3.753937 2.2785434 3 P 30 0
P 3.753937 2.3385827000 3 P 30 0
P 3.753937 2.3986221 3 P 30 0
P 4.1240158000 2.4589761 3 P 30 0
P 4.1240158000 2.5189761 3 P 30 0
P 4.1240158000 2.5789761 3 P 30 0
P 4.1240158000 2.6389761000 3 P 30 0
P 4.1240158000 2.6989761000 3 P 30 0
P 4.7007874 2.7588583000 3 P 30 0
P 4.7007874 2.8188977000 3 P 30 0
P 4.7007874 2.8789371000 3 P 30 0
P 4.7007874 2.9389764 3 P 30 0
P 4.7007874 2.9990158 3 P 30 0
P 5.5620078000 2.3994886 3 P 30 0
P 5.5620078000 2.4250791 3 P 30 0
P 5.5620078000 2.4506696000 3 P 30 0
P 5.5620078000 2.4762601 3 P 30 0
P 5.5620078000 2.5018506 3 P 30 0
P 5.5620078000 2.5274411000 3 P 30 0
P 5.5620078000 2.5530316 3 P 30 0
P 5.5620078000 2.5786221 3 P 30 0
P 5.5620078000 2.6042126000 3 P 30 0
P 5.5620078000 2.6298031 3 P 30 0
P 5.5620078000 2.6553936 3 P 30 0
P 5.5620078000 2.6809841 3 P 30 0
P 5.5620078000 2.7065746 3 P 30 0
P 5.5620078000 2.7321651 3 P 30 0
P 5.5620078000 2.7577556 3 P 30 0
