
#
#Feature symbol names
#
#Layer_Physical_Order=1
$0 r10
$1 rect70.866x15.748
$2 rect78.742x98.426
$3 rect78.740x98.426
$4 r35.433
$5 r27.559
$6 rect72.835x29.134
$7 rect78.740x98.424
$8 r19.685

#
#Layer features
#
L 2.2618110000 2.3994886 2.2659445000 2.4036221 0 P 12
L 2.2618110000 2.4250791 2.2653540000 2.4286221 0 P 12
L 2.2618110000 2.4506696000 2.2647635000 2.4536221 0 P 12
L 2.2618110000 2.4762601 2.2641730000 2.4786221000 0 P 12
L 2.2618110000 2.5018506 2.2635825 2.5036221000 0 P 12
L 2.2618110000 2.5274411000 2.262992 2.5286221 0 P 12
L 2.2618110000 2.5530316 2.2624015 2.5536221 0 P 12
L 2.2618110000 2.5786221 2.4307480000 2.5786221 0 P 12
L 2.2618110000 2.6042126000 2.2624015 2.6036221000 0 P 12
L 2.2618110000 2.6298031 2.262992 2.6286221000 0 P 12
L 2.2618110000 2.6553936 2.2635825 2.6536221 0 P 12
L 2.2618110000 2.6809841 2.2641730000 2.6786221 0 P 12
L 2.2618110000 2.7065746 2.2647635000 2.7036221 0 P 12
L 2.2618110000 2.7321651 2.2653540000 2.7286221000 0 P 12
L 2.2618110000 2.7577556 2.2659445000 2.7536221000 0 P 12
L 2.2624015 2.5536221 2.4307480000 2.5536221 0 P 12
L 2.2624015 2.6036221000 2.4307480000 2.6036221000 0 P 12
L 2.262992 2.5286221 2.4307480000 2.5286221 0 P 12
L 2.262992 2.6286221000 2.4307480000 2.6286221000 0 P 12
L 2.2635825 2.5036221000 2.4307480000 2.5036221000 0 P 12
L 2.2635825 2.6536221 2.4307480000 2.6536221 0 P 12
L 2.2641730000 2.4786221000 2.4307480000 2.4786221000 0 P 12
L 2.2641730000 2.6786221 2.4307480000 2.6786221 0 P 12
L 2.2647635000 2.4536221 2.4307480000 2.4536221 0 P 12
L 2.2647635000 2.7036221 2.4307480000 2.7036221 0 P 12
L 2.2653540000 2.4286221 2.4307480000 2.4286221 0 P 12
L 2.2653540000 2.7286221000 2.4307480000 2.7286221000 0 P 12
L 2.2659445000 2.4036221 2.4307480000 2.4036221 0 P 12
L 2.2659445000 2.7536221000 2.4307480000 2.7536221000 0 P 12
L 2.596102 2.4037001 3.047247 2.4037001 0 P 12
L 2.596102 2.4287001000 3.0722470000 2.4287001000 0 P 12
L 2.596102 2.4537001000 3.0972470000 2.4537001000 0 P 12
L 2.596102 2.4787001 3.122247 2.4787001 0 P 12
L 2.596102 2.5037001 3.147247 2.5037001 0 P 12
L 2.596102 2.5287001 3.7152227000 2.5287001 0 P 12
L 2.596102 2.5537001000 3.7402227000 2.5537001000 0 P 12
L 2.596102 2.5787001000 3.7646707000 2.5787001000 0 P 12
L 2.596102 2.6037001 3.7396707 2.6037001 0 P 12
L 2.596102 2.6287001 3.7146707 2.6287001 0 P 12
L 2.596102 2.6537001 3.5421688000 2.6537001 0 P 12
L 2.596102 2.6787001000 3.5318134000 2.6787001000 0 P 12
L 2.596102 2.7037001000 3.5214580000 2.7037001000 0 P 12
L 2.596102 2.7287001 3.5111026 2.7287001 0 P 12
L 2.596102 2.7537001 3.5007472 2.7537001 0 P 12
L 3.047247 2.4037001 3.1857101 2.2652370000 0 P 12
L 3.0722470000 2.4287001000 3.1857101 2.315237 0 P 12
L 3.0972470000 2.4537001000 3.1857101 2.365237 0 P 12
L 3.122247 2.4787001 3.1857101 2.4152370000 0 P 12
L 3.147247 2.5037001 3.1857101 2.465237 0 P 12
L 3.1857101 2.2652370000 3.3159452000 2.2652370000 0 P 12
L 3.1857101 2.315237 3.3159452000 2.315237 0 P 12
L 3.1857101 2.365237 3.3159452000 2.365237 0 P 12
L 3.1857101 2.4152370000 3.3159452000 2.4152370000 0 P 12
L 3.1857101 2.465237 3.3159452000 2.465237 0 P 12
L 3.3159452000 2.2652370000 3.3574477000 2.2652370000 0 P 12
L 3.3159452000 2.315237 3.3687013 2.315237 0 P 12
L 3.3159452000 2.365237 3.3687013 2.365237 0 P 12
L 3.3159452000 2.4152370000 3.3687013 2.4152370000 0 P 12
L 3.3159452000 2.465237 3.3687013 2.465237 0 P 12
L 3.3574477000 2.2652370000 3.3690957000 2.2535890000 0 P 12
L 3.3687013 2.315237 3.3850012 2.2989371000 0 P 12
L 3.3687013 2.365237 3.4009067 2.3330316000 0 P 12
L 3.3687013 2.4152370000 3.4168122000 2.3671261 0 P 12
L 3.3687013 2.465237 3.4327177000 2.4012206000 0 P 12
L 3.3690957000 2.2230287000 3.3690957000 2.2535890000 0 P 12
L 3.3690957000 2.2230287000 3.5379905000 2.0541339 0 P 12
L 3.3850012 2.2296169000 3.3850012 2.2989371000 0 P 12
L 3.3850012 2.2296169000 3.5445787 2.0700394 0 P 12
L 3.4009067 2.2362051000 3.4009067 2.3330316000 0 P 12
L 3.4009067 2.2362051000 3.5511669 2.0859449000 0 P 12
L 3.4168122000 2.2427933 3.4168122000 2.3671261 0 P 12
L 3.4168122000 2.2427933 3.5577551 2.1018504 0 P 12
L 3.4327177000 2.2493815 3.4327177000 2.4012206000 0 P 12
L 3.4327177000 2.2493815 3.5643433000 2.1177559000 0 P 12
L 3.4832677000 2.2655512000 3.6468504000 2.2655512000 0 P 12
L 3.4832677000 2.3155512000 3.6568898 2.3155512000 0 P 12
L 3.4832677000 2.3655512 3.6669292 2.3655512 0 P 12
L 3.4832677000 2.4155512000 3.6769685 2.4155512000 0 P 12
L 3.4832677000 2.4655512 3.6870079000 2.4655512 0 P 12
L 3.5007472 2.7537001 3.5645702000 2.8175231000 0 P 12
L 3.5111026 2.7287001 3.5822479 2.7998454 0 P 12
L 3.5214580000 2.7037001000 3.6003160000 2.7825581 0 P 12
L 3.5318134000 2.6787001000 3.6179937000 2.7648804 0 P 12
L 3.5379905000 2.0541339 4.4330709000 2.0541339 0 P 12
L 3.5421688000 2.6537001 3.6356714 2.7472027000 0 P 12
L 3.5445787 2.0700394 4.4239765 2.0700394 0 P 12
L 3.5511669 2.0859449000 4.4148819 2.0859449000 0 P 12
L 3.5577551 2.1018504 4.4057873 2.1018504 0 P 12
L 3.5643433000 2.1177559000 4.3966929000 2.1177559000 0 P 12
L 3.5645702000 2.8175231000 4.2316289000 2.8175231000 0 P 12
L 3.5822479 2.7998454 4.2639512 2.7998454 0 P 12
L 3.6003160000 2.7825581 4.2962735000 2.7825581 0 P 12
L 3.6179937000 2.7648804 4.2639512 2.7648804 0 P 12
L 3.6356714 2.7472027000 4.2316289000 2.7472027000 0 P 12
L 3.6468504000 2.2655512000 3.753937 2.1584646000 0 P 12
L 3.6568898 2.3155512000 3.753937 2.2185040000 0 P 12
L 3.6669292 2.3655512 3.753937 2.2785434 0 P 12
L 3.6769685 2.4155512000 3.753937 2.3385827000 0 P 12
L 3.6870079000 2.4655512 3.753937 2.3986221 0 P 12
L 3.7146707 2.6287001 3.7649467000 2.6789761000 0 P 12
L 3.7152227000 2.5287001 3.7649467000 2.4789761 0 P 12
L 3.7396707 2.6037001 3.7649467000 2.6289761 0 P 12
L 3.7402227000 2.5537001000 3.7649467000 2.5289761000 0 P 12
L 3.7646707000 2.5787001000 3.7649467000 2.5789761 0 P 12
L 3.7649467000 2.4789761 3.8070860000 2.4789761 0 P 12
L 3.7649467000 2.5289761000 3.8070860000 2.5289761000 0 P 12
L 3.7649467000 2.5789761 3.8070860000 2.5789761 0 P 12
L 3.7649467000 2.6289761 3.8070860000 2.6289761 0 P 12
L 3.7649467000 2.6789761000 3.8070860000 2.6789761000 0 P 12
L 3.8070860000 2.4789761 3.8485885000 2.4789761 0 P 12
L 3.8070860000 2.5289761000 3.8598421000 2.5289761000 0 P 12
L 3.8070860000 2.5789761 3.8598421000 2.5789761 0 P 12
L 3.8070860000 2.6289761 3.8598421000 2.6289761 0 P 12
L 3.8070860000 2.6789761000 3.8598421000 2.6789761000 0 P 12
L 3.8485885000 2.4789761 3.8592519000 2.4683127000 0 P 12
L 3.8592519000 2.4377524000 3.8592519000 2.4683127000 0 P 12
L 3.8592519000 2.4377524000 3.9302336 2.3667707 0 P 12
L 3.8598421000 2.5289761000 3.8751574000 2.5136608000 0 P 12
L 3.8598421000 2.5789761 3.8910629 2.5477553000 0 P 12
L 3.8598421000 2.6289761 3.9069684000 2.5818498 0 P 12
L 3.8598421000 2.6789761000 3.9228739000 2.6159443000 0 P 12
L 3.8751574000 2.4443406 3.8751574000 2.5136608000 0 P 12
L 3.8751574000 2.4443406 3.9368218 2.3826762 0 P 12
L 3.8910629 2.4509288000 3.8910629 2.5477553000 0 P 12
L 3.8910629 2.4509288000 3.94341 2.3985817000 0 P 12
L 3.9069684000 2.457517 3.9069684000 2.5818498 0 P 12
L 3.9069684000 2.457517 3.9499982 2.4144872000 0 P 12
L 3.9228739000 2.4641052 3.9228739000 2.6159443000 0 P 12
L 3.9228739000 2.4641052 3.9565864000 2.4303927 0 P 12
L 3.9302336 2.3667707 4.6232140000 2.3667707 0 P 12
L 3.9368218 2.3826762 4.6166259000 2.3826762 0 P 12
L 3.94341 2.3985817000 4.6100376 2.3985817000 0 P 12
L 3.9499982 2.4144872000 4.6034493 2.4144872000 0 P 12
L 3.9565864000 2.4303927 4.5968612 2.4303927 0 P 12
L 3.97441 2.4789761 4.1040158000 2.4789761 0 P 12
L 3.97441 2.5289761000 4.1140158000 2.5289761000 0 P 12
L 3.97441 2.5789761 4.1240158000 2.5789761 0 P 12
L 3.97441 2.6289761 4.1140158000 2.6289761 0 P 12
L 3.97441 2.6789761000 4.1040158000 2.6789761000 0 P 12
L 4.1040158000 2.4789761 4.1240158000 2.4589761 0 P 12
L 4.1040158000 2.6789761000 4.1240158000 2.6989761000 0 P 12
L 4.1140158000 2.5289761000 4.1240158000 2.5189761 0 P 12
L 4.1140158000 2.6289761 4.1240158000 2.6389761000 0 P 12
L 4.2316289000 2.7472027000 4.2964687 2.6823629 0 P 12
L 4.2316289000 2.8175231000 4.2964687 2.8823629000 0 P 12
L 4.2639512 2.7648804 4.2964687 2.7323629 0 P 12
L 4.2639512 2.7998454 4.2964687 2.8323629 0 P 12
L 4.2962735000 2.7825581 4.2964687 2.7823629000 0 P 12
L 4.2964687 2.6823629 4.338426 2.6823629 0 P 12
L 4.2964687 2.7323629 4.338426 2.7323629 0 P 12
L 4.2964687 2.7823629000 4.338426 2.7823629000 0 P 12
L 4.2964687 2.8323629 4.338426 2.8323629 0 P 12
L 4.2964687 2.8823629000 4.338426 2.8823629000 0 P 12
L 4.338426 2.6823629 4.3799285 2.6823629 0 P 12
L 4.338426 2.7323629 4.3911821000 2.7323629 0 P 12
L 4.338426 2.7823629000 4.3911821000 2.7823629000 0 P 12
L 4.338426 2.8323629 4.3911821000 2.8323629 0 P 12
L 4.338426 2.8823629000 4.3911821000 2.8823629000 0 P 12
L 4.3799285 2.6823629 4.3891339 2.6731575000 0 P 12
L 4.3891339 2.6425972000 4.3891339 2.6731575000 0 P 12
L 4.3891339 2.6425972000 4.4615736 2.5701575 0 P 12
L 4.3911821000 2.7323629 4.4050394000 2.7185056000 0 P 12
L 4.3911821000 2.7823629000 4.4209449 2.7526001000 0 P 12
L 4.3911821000 2.8323629 4.4368504000 2.7866946 0 P 12
L 4.3911821000 2.8823629000 4.4527559000 2.8207891000 0 P 12
L 4.3966929000 2.1177559000 4.7826371000 2.5037001 0 P 12
L 4.4050394000 2.6491854000 4.4050394000 2.7185056000 0 P 12
L 4.4050394000 2.6491854000 4.4681618000 2.5860630000 0 P 12
L 4.4057873 2.1018504 4.782637 2.4787001 0 P 12
L 4.4148819 2.0859449000 4.7826371000 2.4537001000 0 P 12
L 4.4209449 2.6557736000 4.4209449 2.7526001000 0 P 12
L 4.4209449 2.6557736000 4.47475 2.6019685000 0 P 12
L 4.4239765 2.0700394 4.7826372000 2.4287001000 0 P 12
L 4.4330709000 2.0541339 4.7826371000 2.4037001 0 P 12
L 4.4368504000 2.6623618000 4.4368504000 2.7866946 0 P 12
L 4.4368504000 2.6623618000 4.4813382000 2.617874 0 P 12
L 4.4527559000 2.66895 4.4527559000 2.8207891000 0 P 12
L 4.4527559000 2.66895 4.4879264 2.6337795 0 P 12
L 4.4615736 2.5701577 4.701601 2.5701577 0 P 12
L 4.4681618000 2.5860632000 4.6950127 2.5860632000 0 P 12
L 4.47475 2.6019686 4.6884245000 2.6019686 0 P 12
L 4.4813382000 2.6178741 4.6818363000 2.6178741 0 P 12
L 4.4879264 2.6337795 4.6752480000 2.6337795 0 P 12
L 4.5057480000 2.6823629 4.6242920000 2.6823629 0 P 12
L 4.5057480000 2.7323629 4.6142526 2.7323629 0 P 12
L 4.5057480000 2.7823629000 4.6042132 2.7823629000 0 P 12
L 4.5057480000 2.8323629 4.5941739 2.8323629 0 P 12
L 4.5057480000 2.8823629000 4.5841345 2.8823629000 0 P 12
L 4.5841345 2.8823629000 4.7007874 2.9990158 0 P 12
L 4.5941739 2.8323629 4.7007874 2.9389764 0 P 12
L 4.5968612 2.4303927 4.7951686 2.6287001 0 P 12
L 4.6034493 2.4144872000 4.7926622000 2.6037001 0 P 12
L 4.6042132 2.7823629000 4.7007874 2.8789371000 0 P 12
L 4.6100376 2.3985817000 4.7901560000 2.5787001000 0 P 12
L 4.6142526 2.7323629 4.7007874 2.8188977000 0 P 12
L 4.6166259000 2.3826762 4.7876498000 2.5537001000 0 P 12
L 4.6232140000 2.3667707 4.7851434000 2.5287001 0 P 12
L 4.6242920000 2.6823629 4.7007874 2.7588583000 0 P 12
L 4.6752480000 2.6337795 4.7951686 2.7537001 0 P 12
L 4.6818363000 2.6178741 4.7926623000 2.7287001 0 P 12
L 4.6884245000 2.6019686 4.7901560000 2.7037001000 0 P 12
L 4.6950127 2.5860632000 4.7876496000 2.6787001000 0 P 12
L 4.701601 2.5701577 4.7851434000 2.6537001 0 P 12
L 4.782637 2.4787001 5.240394 2.4787001 0 P 12
L 4.7826371000 2.4037001 5.240394 2.4037001 0 P 12
L 4.7826371000 2.4537001000 5.240394 2.4537001000 0 P 12
L 4.7826371000 2.5037001 5.240394 2.5037001 0 P 12
L 4.7826372000 2.4287001000 5.240394 2.4287001000 0 P 12
L 4.7851434000 2.5287001 5.240394 2.5287001 0 P 12
L 4.7851434000 2.6537001 5.240394 2.6537001 0 P 12
L 4.7876496000 2.6787001000 5.240394 2.6787001000 0 P 12
L 4.7876498000 2.5537001000 5.240394 2.5537001000 0 P 12
L 4.7901560000 2.5787001000 5.240394 2.5787001000 0 P 12
L 4.7901560000 2.7037001000 5.240394 2.7037001000 0 P 12
L 4.7926622000 2.6037001 5.240394 2.6037001 0 P 12
L 4.7926623000 2.7287001 5.240394 2.7287001 0 P 12
L 4.7951686 2.6287001 5.240394 2.6287001 0 P 12
L 4.7951686 2.7537001 5.240394 2.7537001 0 P 12
L 5.4057480000 2.4036221 5.5578743000 2.4036221 0 P 12
L 5.4057480000 2.4286221 5.5584648 2.4286221 0 P 12
L 5.4057480000 2.4536221 5.5590553000 2.4536221 0 P 12
L 5.4057480000 2.4786221000 5.5596458 2.4786221000 0 P 12
L 5.4057480000 2.5036221000 5.5602363000 2.5036221000 0 P 12
L 5.4057480000 2.5286221 5.5608268 2.5286221 0 P 12
L 5.4057480000 2.5536221 5.5614173000 2.5536221 0 P 12
L 5.4057480000 2.5786221 5.5620078000 2.5786221 0 P 12
L 5.4057480000 2.6036221000 5.5614173000 2.6036221000 0 P 12
L 5.4057480000 2.6286221000 5.5608268 2.6286221000 0 P 12
L 5.4057480000 2.6536221 5.5602363000 2.6536221 0 P 12
L 5.4057480000 2.6786221 5.5596458 2.6786221 0 P 12
L 5.4057480000 2.7036221 5.5590553000 2.7036221 0 P 12
L 5.4057480000 2.7286221000 5.5584648 2.7286221000 0 P 12
L 5.4057480000 2.7536221000 5.5578743000 2.7536221000 0 P 12
L 5.5578743000 2.4036221 5.5620078000 2.3994886 0 P 12
L 5.5578743000 2.7536221000 5.5620078000 2.7577556 0 P 12
L 5.5584648 2.4286221 5.5620078000 2.4250791 0 P 12
L 5.5584648 2.7286221000 5.5620078000 2.7321651 0 P 12
L 5.5590553000 2.4536221 5.5620078000 2.4506696000 0 P 12
L 5.5590553000 2.7036221 5.5620078000 2.7065746 0 P 12
L 5.5596458 2.4786221000 5.5620078000 2.4762601 0 P 12
L 5.5596458 2.6786221 5.5620078000 2.6809841 0 P 12
L 5.5602363000 2.5036221000 5.5620078000 2.5018506 0 P 12
L 5.5602363000 2.6536221 5.5620078000 2.6553936 0 P 12
L 5.5608268 2.5286221 5.5620078000 2.5274411000 0 P 12
L 5.5608268 2.6286221000 5.5620078000 2.6298031 0 P 12
L 5.5614173000 2.5536221 5.5620078000 2.5530316 0 P 12
L 5.5614173000 2.6036221000 5.5620078000 2.6042126000 0 P 12
P 2.4307480000 2.4036221 1 P 15 0
P 2.4307480000 2.4286221 1 P 15 0
P 2.4307480000 2.4536221 1 P 15 0
P 2.4307480000 2.4786221000 1 P 15 0
P 2.4307480000 2.5036221000 1 P 15 0
P 2.4307480000 2.5286221 1 P 15 0
P 2.4307480000 2.5536221 1 P 15 0
P 2.4307480000 2.5786221 1 P 15 0
P 2.4307480000 2.6036221000 1 P 15 0
P 2.4307480000 2.6286221000 1 P 15 0
P 2.4307480000 2.6536221 1 P 15 0
P 2.4307480000 2.6786221 1 P 15 0
P 2.4307480000 2.7036221 1 P 15 0
P 2.4307480000 2.7286221000 1 P 15 0
P 2.4307480000 2.7536221000 1 P 15 0
P 2.5134250000 2.2835296 2 P 16 0
P 2.5134250000 2.8740806 3 P 17 0
P 2.5134260000 2.3542121000 4 P 29 0
P 2.5134260000 2.8030321000 5 P 28 0
P 2.596102 2.4037001 1 P 15 0
P 2.596102 2.4287001000 1 P 15 0
P 2.596102 2.4537001000 1 P 15 0
P 2.596102 2.4787001 1 P 15 0
P 2.596102 2.5037001 1 P 15 0
P 2.596102 2.5287001 1 P 15 0
P 2.596102 2.5537001000 1 P 15 0
P 2.596102 2.5787001000 1 P 15 0
P 2.596102 2.6037001 1 P 15 0
P 2.596102 2.6287001 1 P 15 0
P 2.596102 2.6537001 1 P 15 0
P 2.596102 2.6787001000 1 P 15 0
P 2.596102 2.7037001000 1 P 15 0
P 2.596102 2.7287001 1 P 15 0
P 2.596102 2.7537001 1 P 15 0
P 3.3159437 2.2655512000 6 P 14 0
P 3.3159437 2.3155512000 6 P 14 0
P 3.3159437 2.3655512 6 P 14 0
P 3.3159437 2.4155512000 6 P 14 0
P 3.3159437 2.4655512 6 P 14 0
P 3.4832677000 2.2655512000 6 P 14 0
P 3.4832677000 2.3155512000 6 P 14 0
P 3.4832677000 2.3655512 6 P 14 0
P 3.4832677000 2.4155512000 6 P 14 0
P 3.4832677000 2.4655512 6 P 14 0
P 3.8070860000 2.4789761 6 P 14 0
P 3.8070860000 2.5289761000 6 P 14 0
P 3.8070860000 2.5789761 6 P 14 0
P 3.8070860000 2.6289761 6 P 14 0
P 3.8070860000 2.6789761000 6 P 14 0
P 3.97441 2.4789761 6 P 14 0
P 3.97441 2.5289761000 6 P 14 0
P 3.97441 2.5789761 6 P 14 0
P 3.97441 2.6289761 6 P 14 0
P 3.97441 2.6789761000 6 P 14 0
P 4.338426 2.6823629 6 P 14 0
P 4.338426 2.7323629 6 P 14 0
P 4.338426 2.7823629000 6 P 14 0
P 4.338426 2.8323629 6 P 14 0
P 4.338426 2.8823629000 6 P 14 0
P 4.5057480000 2.6823629 6 P 14 0
P 4.5057480000 2.7323629 6 P 14 0
P 4.5057480000 2.7823629000 6 P 14 0
P 4.5057480000 2.8323629 6 P 14 0
P 4.5057480000 2.8823629000 6 P 14 0
P 5.240394 2.4037001 1 P 15 0
P 5.240394 2.4287001000 1 P 15 0
P 5.240394 2.4537001000 1 P 15 0
P 5.240394 2.4787001 1 P 15 0
P 5.240394 2.5037001 1 P 15 0
P 5.240394 2.5287001 1 P 15 0
P 5.240394 2.5537001000 1 P 15 0
P 5.240394 2.5787001000 1 P 15 0
P 5.240394 2.6037001 1 P 15 0
P 5.240394 2.6287001 1 P 15 0
P 5.240394 2.6537001 1 P 15 0
P 5.240394 2.6787001000 1 P 15 0
P 5.240394 2.7037001000 1 P 15 0
P 5.240394 2.7287001 1 P 15 0
P 5.240394 2.7537001 1 P 15 0
P 5.32307 2.3384641000 4 P 29 0
P 5.32307 2.8187801 5 P 28 0
P 5.323272 2.2577546 7 P 18 0
P 5.323272 2.8994866000 7 P 18 0
P 5.4057480000 2.4036221 1 P 15 0
P 5.4057480000 2.4286221 1 P 15 0
P 5.4057480000 2.4536221 1 P 15 0
P 5.4057480000 2.4786221000 1 P 15 0
P 5.4057480000 2.5036221000 1 P 15 0
P 5.4057480000 2.5286221 1 P 15 0
P 5.4057480000 2.5536221 1 P 15 0
P 5.4057480000 2.5786221 1 P 15 0
P 5.4057480000 2.6036221000 1 P 15 0
P 5.4057480000 2.6286221000 1 P 15 0
P 5.4057480000 2.6536221 1 P 15 0
P 5.4057480000 2.6786221 1 P 15 0
P 5.4057480000 2.7036221 1 P 15 0
P 5.4057480000 2.7286221000 1 P 15 0
P 5.4057480000 2.7536221000 1 P 15 0
P 2.2618110000 2.3994886 8 P 30 0
P 2.2618110000 2.4250791 8 P 30 0
P 2.2618110000 2.4506696000 8 P 30 0
P 2.2618110000 2.4762601 8 P 30 0
P 2.2618110000 2.5018506 8 P 30 0
P 2.2618110000 2.5274411000 8 P 30 0
P 2.2618110000 2.5530316 8 P 30 0
P 2.2618110000 2.5786221 8 P 30 0
P 2.2618110000 2.6042126000 8 P 30 0
P 2.2618110000 2.6298031 8 P 30 0
P 2.2618110000 2.6553936 8 P 30 0
P 2.2618110000 2.6809841 8 P 30 0
P 2.2618110000 2.7065746 8 P 30 0
P 2.2618110000 2.7321651 8 P 30 0
P 2.2618110000 2.7577556 8 P 30 0
P 3.753937 2.1584646000 8 P 30 0
P 3.753937 2.2185040000 8 P 30 0
P 3.753937 2.2785434 8 P 30 0
P 3.753937 2.3385827000 8 P 30 0
P 3.753937 2.3986221 8 P 30 0
P 4.1240158000 2.4589761 8 P 30 0
P 4.1240158000 2.5189761 8 P 30 0
P 4.1240158000 2.5789761 8 P 30 0
P 4.1240158000 2.6389761000 8 P 30 0
P 4.1240158000 2.6989761000 8 P 30 0
P 4.7007874 2.7588583000 8 P 30 0
P 4.7007874 2.8188977000 8 P 30 0
P 4.7007874 2.8789371000 8 P 30 0
P 4.7007874 2.9389764 8 P 30 0
P 4.7007874 2.9990158 8 P 30 0
P 5.5620078000 2.3994886 8 P 30 0
P 5.5620078000 2.4250791 8 P 30 0
P 5.5620078000 2.4506696000 8 P 30 0
P 5.5620078000 2.4762601 8 P 30 0
P 5.5620078000 2.5018506 8 P 30 0
P 5.5620078000 2.5274411000 8 P 30 0
P 5.5620078000 2.5530316 8 P 30 0
P 5.5620078000 2.5786221 8 P 30 0
P 5.5620078000 2.6042126000 8 P 30 0
P 5.5620078000 2.6298031 8 P 30 0
P 5.5620078000 2.6553936 8 P 30 0
P 5.5620078000 2.6809841 8 P 30 0
P 5.5620078000 2.7065746 8 P 30 0
P 5.5620078000 2.7321651 8 P 30 0
P 5.5620078000 2.7577556 8 P 30 0
